   19.7924     19.7924    19.8042    19.8042
   11.3280     11.3280    11.3347    11.3347
   20.0114     20.0114    20.0163    20.0163
   11.3871     11.3871    11.3915    11.3915
   22.0547     22.0547    22.0582    22.0582
    5.6868      5.6868     5.6949     5.6949
   11.5445     11.5445    11.5496    11.5496
   20.0664     20.0664    20.0706    20.0706
   12.0905     12.0905    12.0819    12.0819
   15.2864     15.2864    15.2655    15.2655
   11.5535     11.5535    11.5574    11.5574
   20.1045     20.1045    20.1083    20.1083
   10.0513     10.0513    10.0418    10.0418
    6.1130      6.1130     6.0986     6.0986
   10.8859     10.8859    10.8900    10.8900
   18.8413     18.8413    18.8452    18.8452
    2.2827      2.2827     2.2642     2.2642
    8.4257      8.4257     8.4307     8.4307
   16.7926     16.7926    16.7961    16.7961
    9.7522      9.7522     9.7562     9.7562
   16.7215     16.7215    16.7247    16.7247
    2.5751      2.5751     2.5767     2.5767
    6.6953      6.6953     6.6974     6.6974
    0.1169      0.1169     0.1152     0.1152
    0.5950      0.5950     0.5963     0.5963
    0.2266      0.2266     0.2275     0.2275
    0.8235      0.8235     0.8011     0.8011
    0.9723      0.9723     0.9447     0.9447
    2.2677      2.2677     2.2336     2.2336
    0.1440      0.1440     0.1388     0.1388
    1.4016      1.4016     1.3866     1.3866
    3.0494      3.0494     3.0476     3.0476
    0.7085      0.7085     0.7155     0.7155
    1.5554      1.5554     1.5557     1.5557
    0.6277      0.6277     0.6279     0.6279
    1.4147      1.4147     1.4146     1.4146
    0.1933      0.1933     0.1929     0.1929
    2.3609      2.3609     2.3591     2.3591
    1.6705      1.6705     1.6347     1.6347
    2.8679      2.8679     2.8304     2.8304
    5.0673      5.0673     5.0655     5.0655